1 100
3992 20 20000 100 200 300 100
0 0 0 0 0 0 0 0 0 0
1 0 0 0 0 0 0 0 0 0
4 0 0 0 0 0 0 0 0 0
0 0 0 0 0 0 0 0 0 0
2 7 0 0 0 0 0 0 0 0
2 7 0 0 0 0 0 0 0 0
5 0 0 0 0 0 0 0 0 0
2 5 13 10 7 0 0 0 0 0
10 0 0 0 0 0 0 0 0 0
2 5 13 7 17 14 10 0 0 0
6 4 15 16 12 10 8 0 0 0
10 0 0 0 0 0 0 0 0 0
3 16 23 19 1 0 0 0 0 0
16 29 23 19 3 1 0 0 0 0
16 32 29 23 19 3 1 0 0 0
16 30 19 0 0 0 0 0 0 0
9 31 30 0 0 0 0 0 0 0
15 25 24 12 8 7 6 4 2 0
22 14 28 23 20 5 1 0 0 0
16 32 29 23 19 3 1 0 0 0
13 34 26 22 21 14 40 39 37 33
27 38 36 32 29 25 3 0 0 0
15 13 26 21 14 41 37 28 25 24
34 16 38 30 19 0 0 0 0 0
15 34 27 26 16 41 36 24 19 12
29 27 38 36 32 25 3 0 0 0
26 25 10 0 0 0 0 0 0 0
35 29 42 32 23 19 16 3 1 0
40 49 43 33 31 26 10 9 7 2
45 53 49 48 41 37 24 22 21 20
54 42 55 50 48 37 32 31 30 29
41 45 39 51 48 37 24 22 21 20
49 48 44 56 53 38 37 28 25 22
49 48 64 61 60 56 53 44 38 37
50 59 58 55 56 45 44 42 41 32
58 57 69 68 67 66 64 60 53 49
68 66 61 67 60 48 45 44 43 41
65 69 80 70 64 79 77 73 72 63
67 66 82 64 62 60 59 55 53 51
69 80 77 74 70 76 75 86 82 79
69 77 70 71 86 82 64 62 58 55
69 70 77 71 88 86 82 64 62 58
87 74 84 76 72 90 89 85 73 68
87 80 88 84 92 81 78 76 75 74
80 87 94 85 81 91 90 84 95 92
87 94 81 95 88 84 99 98 97 96
87 88 103 102 100 96 92 84 83 71
94 91 90 104 103 99 98 95 101 97
104 103 95 102 100 97 96 92 89 88
95 93 109 100 97 96 89 82 67 66
94 103 98 106 104 101 99 111 109 108
103 99 98 111 106 104 101 113 109 108
116 113 112 111 110 109 100 96 93 91
106 104 103 116 113 111 101 114 109 108
106 104 103 116 113 111 101 114 109 108
116 115 113 112 111 110 107 118 117 109
116 113 111 108 107 119 117 114 93 86
112 115 108 123 114 109 100 96 93 88
106 122 110 107 121 118 109 104 103 100
105 106 122 110 108 107 121 119 114 104
105 112 107 125 119 102 93 83 82 59
116 111 117 114 113 129 127 124 119 108
116 112 122 111 121 113 125 110 109 100
115 118 130 128 127 125 119 112 109 106
115 116 122 118 121 117 124 113 112 111
126 118 123 130 128 127 119 109 106 104
131 130 128 127 125 136 135 134 133 132
129 130 128 137 134 124 118 117 116 115
130 132 131 127 138 120 119 118 109 107
129 128 139 138 137 124 122 121 120 117
140 133 132 147 145 130 128 126 125 124
139 131 143 151 150 148 145 141 137 129
152 143 139 138 156 145 158 157 155 151
139 156 140 161 155 153 141 132 130 129
152 138 140 162 161 160 159 157 154 153
161 156 152 158 145 140 166 164 163 159
152 161 142 141 166 165 163 155 153 146
152 161 168 165 153 146 142 166 163 155
168 148 165 160 150 146 172 171 167 164
152 168 161 165 155 153 174 173 171 166
161 178 175 165 160 180 179 176 174 173
161 175 165 181 180 179 174 173 171 169
161 165 180 176 174 171 169 166 164 158
170 180 178 165 177 176 172 171 164 163
170 168 181 180 175 166 185 183 182 179
170 178 180 189 185 177 176 172 171 165
170 178 180 171 176 172 167 165 164 163
175 191 184 181 180 195 193 190 188 186
178 180 177 176 194 192 189 185 172 171
193 184 183 195 188 187 186 182 174 173
175 191 193 183 181 189 187 186 179 174
195 193 192 190 188 186 176 174 170 169
195 193 191 190 184 189 185 181 198 192
197 195 190 184 183 198 196 189 187 185
197 193 191 190 185 184 183 199 198 196
197 195 193 207 199 198 196 194 208 206
195 207 198 192 208 206 205 203 202 201
198 195 206 209 208 202 193 192 191 190
197 199 198 196 194 209 204 200 193 191
197 196 206 199 198 207 201 215 213 212
199 210 200 216 214 213 209 203 194 193
207 206 210 208 205 201 200 226 225 224
207 201 225 223 220 217 216 213 211 199
207 205 226 225 223 222 220 218 217 215
228 222 217 214 229 227 221 219 218 215
226 229 228 214 210 208 230 225 224 220
226 228 222 219 214 210 209 224 216 215
229 217 211 225 223 220 216 213 207 201
226 229 215 232 225 222 221 237 233 227
229 230 227 225 222 221 220 240 239 238
226 235 229 217 231 228 225 222 220 219
226 235 230 217 234 232 225 239 237 233
226 232 229 237 227 225 242 241 240 239
226 235 232 230 237 234 225 239 233 224
235 243 239 232 229 247 240 238 237 233
239 235 243 237 233 231 251 250 249 248
239 243 234 240 231 253 252 251 245 236
247 239 235 243 244 241 238 255 248 242
247 243 239 254 250 245 244 241 238 236
247 243 239 254 255 250 245 257 256 253
243 240 239 245 257 253 252 251 236 234
243 239 254 250 249 245 242 258 251 248
243 244 249 242 256 251 248 246 241 237
243 257 245 260 259 253 252 251 248 240
253 257 254 266 263 260 255 250 268 264
255 254 268 266 263 261 258 272 271 264
276 263 272 269 268 266 264 262 261 277
276 272 263 262 269 266 264 261 260 284
276 272 263 262 268 266 264 261 285 284
281 275 274 273 271 269 268 286 285 282
276 272 279 281 275 274 273 271 269 268
276 272 279 281 278 273 290 289 287 286
276 272 279 288 281 278 273 291 290 289
279 275 273 285 281 280 278 293 292 287
279 275 274 285 281 293 292 287 286 284
289 279 281 280 293 292 291 290 283 282
289 285 284 281 294 288 287 299 298 297
289 299 294 308 307 305 303 301 300 297
304 299 294 307 305 303 301 300 298 297
299 295 294 316 315 308 307 305 303 301
315 309 308 305 304 299 318 316 306 302
315 308 305 299 321 316 307 303 298 328
315 309 304 299 325 321 318 311 307 306
315 318 316 327 325 321 319 337 336 333
337 336 330 328 327 326 325 321 320 340
337 330 338 328 327 326 325 322 342 341
336 328 326 341 339 334 333 332 329 324
330 340 337 336 343 327 325 348 345 344
330 337 328 351 349 347 345 339 334 333
330 336 341 340 337 344 343 351 349 348
336 340 337 352 350 344 343 342 338 335
341 340 337 352 350 345 344 343 342 338
341 336 349 334 353 339 333 332 329 328
341 338 340 357 352 350 348 347 345 344
349 341 348 343 360 357 352 350 347 345
349 352 348 361 360 347 344 365 364 363
349 352 345 357 347 366 365 355 353 351
360 367 361 356 354 368 366 364 363 362
352 360 356 355 367 365 361 354 368 366
360 355 368 356 367 365 363 362 361 370
360 355 368 371 367 365 363 361 357 373
360 357 356 371 367 365 362 361 359 373
360 368 357 371 367 363 361 359 373 369
368 357 356 371 365 363 362 361 359 373
360 368 363 361 357 371 367 365 362 359
360 368 363 361 357 365 359 373 369 366
373 371 369 367 365 366 357 355 353 352
373 365 371 369 367 378 377 376 375 366
379 373 368 380 371 369 384 382 378 377
379 373 372 371 368 380 369 384 383 382
371 379 373 372 384 369 387 386 385 382
372 384 388 387 386 385 383 382 381 377
389 379 396 394 393 387 385 384 383 382
383 379 396 393 382 380 378 395 391 390
389 382 379 397 396 394 393 387 385 384
383 397 401 400 395 374 373 372 370 369
397 396 393 407 405 404 402 401 400 399
410 396 394 412 409 408 406 404 401 400
403 397 396 393 413 412 411 409 408 407
406 410 396 394 412 409 408 404 401 400
403 397 406 416 413 412 399 396 414 409
397 412 410 404 400 399 396 415 414 411
416 403 406 413 412 411 408 399 398 419
416 413 412 426 411 410 425 421 419 414
416 413 412 410 426 411 425 421 419 414
425 421 414 433 432 431 430 429 428 423
